"id.exper","elapsed.time","xCH4","vBg","vCH4","cvBg","cvCH4","rvBg","rvCH4"
"A1-E2",0,0,0,0,0,0,NA,NA
"A1-E2",1.00486111111111,0.547,719.061209977331,394.105565189683,719.061209977331,394.105565189683,715.582683045858,392.199042068517
"A1-E2",1.82152777777778,0.5017,719.061209977331,361.539184362705,1438.12241995466,755.644749552388,880.483114257957,442.701042076781
"A1-E2",2.97916666666667,0.5491,408.681624404838,224.84951073286,1846.8040443595,980.494260285248,353.030317422295,194.231131046982
"A1-E2",4.62291666666667,0.5491,236.653056448236,130.202389288516,2083.45710080774,1110.69664957376,143.971441185238,79.2105790348385
"A1-E2",6.75208333333333,0.565,167.47754764029,94.8047813189758,2250.93464844803,1205.50143089274,78.65873078996,44.5267074687949
"A1-E2",11.1263888888889,0.5654,182.040812652489,103.121449814773,2432.97546110051,1308.62288070751,41.6159343101419,23.5743590622754
"A1-E2",14.7868055555556,0.5689,86.4693860099322,49.2851523874259,2519.44484711045,1357.90803309494,23.6228260015751,13.4643558030532
"A1-E2",20.0701388888889,0.5721,88.2897941364571,50.6050863932596,2607.7346412469,1408.5131194882,16.7110020447553,9.57824979052233
"A1-E2",31.0743055555556,0.5813,111.955099781281,65.1986276971934,2719.68974102818,1473.71174718539,10.1738826003436,5.92490369077108
"A2-E2",0,0,0,0,0,0,NA,NA
"A2-E2",1.00486111111111,0.5596,694.485700269245,389.382534358252,694.485700269245,389.382534358252,691.126059701253,387.498859347535
"A2-E2",1.82152777777778,0.5113,747.277535938467,382.899587212313,1441.76323620771,772.282121570565,915.033717475674,468.856637402833
"A2-E2",2.97916666666667,0.5455,395.028563455901,215.916326575044,1836.79179966361,988.198448145609,341.236431539591,186.514403280182
"A2-E2",4.62291666666667,0.5511,245.75509708086,135.701466019366,2082.54689674447,1123.89991416497,149.508804307748,82.5560249547473
"A2-E2",6.75208333333333,0.5569,171.11836389334,95.4804413433066,2253.66526063781,1219.38035550828,80.3687031984374,44.8440429009659
"A2-E2",11.1263888888889,0.5623,174.759180146389,98.4551433880755,2428.4244407842,1317.83549889636,39.9512969377363,22.5076054101966
"A2-E2",14.7868055555556,0.563773375262055,91.0204063262445,51.4127531762637,2519.44484711045,1369.24825207262,24.866132633237,14.0456013230544
"A2-E2",20.0701388888889,0.5659,84.6489778834073,47.99377415698,2604.09382499385,1417.2420262296,16.0218885583736,9.08399510857667
"A2-E2",31.0743055555556,0.5771,121.967344477168,70.5174935669637,2726.06116947102,1487.75951979656,11.0837420198865,6.40825386447228
"A3-E2",0,0,0,0,0,0,NA,NA
"A3-E2",1.00486111111111,0.5691,645.334680853073,367.951862592025,645.334680853073,367.951862592025,642.212813012042,366.171860492409
"A3-E2",1.82152777777778,0.5201,689.934679952933,359.588086363672,1335.26936080601,727.539948955697,844.817975452571,440.311942486129
"A3-E2",2.97916666666667,0.5406,354.979584672353,192.287455222226,1690.24894547836,919.827404177923,306.641032950323,166.103140683866
"A3-E2",4.62291666666667,0.5454,218.448975182987,119.378897478511,1908.69792066135,1039.20630165643,132.89671494022,72.6259452340751
"A3-E2",6.75208333333333,0.5524,147.453058248516,81.612480932668,2056.15097890986,1120.8187825891,69.2538825433343,38.3307151151474
"A3-E2",11.1263888888889,0.5598,163.83673138724,91.8923256878985,2219.9877102971,1212.711108277,37.4543408791278,21.007294648448
"A3-E2",14.7868055555556,0.5636,81.91836569362,46.2572832167715,2301.90607599072,1258.96839149377,22.3795193699133,12.6371633147697
"A3-E2",20.0701388888889,0.5651,72.8163250609956,41.2267475950366,2374.72240105172,1300.19513908881,13.7822697276332,7.80316989180504
"A3-E2",31.0743055555556,0.5778,95.5714266425567,55.3230993401923,2470.29382769427,1355.518238429,8.68502173200061,5.02746832322839
"B1-E2",0,0,0,0,0,0,NA,NA
"B1-E2",1.00486111111111,0.4762,919.306103895069,438.776522995924,919.306103895069,438.776522995924,914.858873261161,436.653899871549
"B1-E2",1.82152777777778,0.4706,836.477534138187,394.557850855599,1755.78363803326,833.334373851523,1024.25820506717,483.132062272162
"B1-E2",2.97916666666667,0.5737,467.844888516897,268.902858854134,2223.62852655015,1102.23723270566,404.137156247349,232.285612927386
"B1-E2",4.62291666666667,0.5773,227.551015815611,131.607967268234,2451.17954236576,1233.84519997389,138.434078062729,80.0656835091919
"B1-E2",6.75208333333333,0.5856,136.530609489367,80.0971721066346,2587.71015185513,1313.94237208053,64.1239653179022,37.6190240813939
"B1-E2",11.1263888888889,0.578,150.183670438303,86.9663150977491,2737.89382229343,1400.90868717828,34.3331458058671,19.8811706208539
"B1-E2",14.7868055555556,0.5908,79.1877535038327,46.8678166823124,2817.08157579727,1447.77650386059,21.6335353909161,12.8039567487251
"B1-E2",20.0701388888889,0.5817,84.6489778834073,49.3303586856317,2901.73055368067,1497.10686254622,16.0218885583736,9.33697640737508
"B1-E2",31.0743055555556,0.5888,121.967344477168,71.9434698679542,3023.69789815784,1569.05033241417,11.0837420198865,6.53783898837903
"B2-E2",0,0,0,0,0,0,NA,NA
"B2-E2",1.00486111111111,0.474,803.710187860739,381.835094351344,803.710187860739,381.835094351344,799.822163455054,379.98793079885
"B2-E2",1.82152777777778,0.478,793.697943164852,380.253814931783,1597.40813102559,762.088909283128,971.875032446757,465.616916243
"B2-E2",2.97916666666667,0.5701,409.5918284681,233.947194182473,2006.99995949369,996.036103465601,353.816576481142,202.0899577821
"B2-E2",4.62291666666667,0.5723,203.885710170788,116.901981641592,2210.88566966448,1112.93808510719,124.036933944205,71.1190762838584
"B2-E2",6.75208333333333,0.5785,122.87754854043,71.2156542582876,2333.76321820491,1184.15373936548,57.711568786112,33.4476654050666
"B2-E2",11.1263888888889,0.5775,154.734690754616,89.5243435920307,2488.49790895952,1273.67808295751,35.3735441636207,20.4659556711421
"B2-E2",14.7868055555556,0.5815,70.9959169344707,41.3596602338153,2559.49382589399,1315.03774319133,19.3955834539248,11.2991672807236
"B2-E2",20.0701388888889,0.5846,79.1877535038327,46.3772313577923,2638.68157939783,1361.41497454912,14.9882183288011,8.77802486267363
"B2-E2",31.0743055555556,0.5891,109.224487591493,64.4597296519755,2747.90606698932,1425.87470420109,9.92573912228641,5.85775657571909
"B3-E2",0,0,0,0,0,0,NA,NA
"B3-E2",1.00486111111111,0.5429,775.493861899603,421.857109131996,775.493861899603,421.857109131996,771.742336651989,419.81633527994
"B3-E2",1.82152777777778,0.4909,845.579574770811,416.019263727995,1621.07343667041,837.876372859991,1035.40356094385,509.411343340402
"B3-E2",2.97916666666667,0.5415,222.089791436037,120.502728810462,1843.16322810645,958.379101670453,191.847210358664,104.093538984442
"B3-E2",4.62291666666667,0.5481,208.4367304871,114.469911101324,2051.59995859355,1072.84901277178,126.80561550546,69.6394896433912
"B3-E2",6.75208333333333,0.5543,122.87754854043,68.2437580954543,2174.47750713398,1141.09277086723,57.711568786112,32.0518629019746
"B3-E2",11.1263888888889,0.560724217804667,141.081629805679,79.2598235047307,2315.55913693966,1220.35259437196,32.25234909036,18.1194071831739
"B3-E2",14.7868055555556,0.5661,70.9959169344707,40.2670337633372,2386.55505387413,1260.6196281353,19.3955834539248,11.0006694401832
"B3-E2",20.0701388888889,0.5683,68.2653047446833,38.8683964109176,2454.82035861881,1299.48802454622,12.9208778696562,7.3567942733598
"B3-E2",31.0743055555556,0.5761,95.5714266425567,55.1607379907743,2550.39178526137,1354.64876253699,8.68502173200061,5.01271378939259
"C1-E2",0,0,0,0,0,0,NA,NA
"C1-E2",1.00486111111111,0.6354,609.836722385838,388.107760759154,609.836722385838,388.107760759154,606.886579292057,386.230252586856
"C1-E2",1.82152777777778,0.6251,516.085703869806,323.133826862384,1125.92242625564,711.241587621538,631.941678207926,395.674073709042
"C1-E2",2.97916666666667,0.6494,489.689786035195,318.491832401201,1615.61221229084,1029.73342002274,423.007373659677,275.121918810876
"C1-E2",4.62291666666667,0.6404,354.069380609091,227.102412368188,1969.68159289993,1256.83583239093,215.403425465607,138.161163417909
"C1-E2",6.75208333333333,0.635,245.75509708086,156.303449509908,2215.43668998079,1413.13928190083,115.423137572224,73.4106220790173
"C1-E2",11.1263888888889,0.618,263.959178346109,163.399159184806,2479.3958683269,1576.53844108564,60.3431047497058,37.3543084975585
"C1-E2",14.7847222222222,0.62,129.248976983267,80.2674713278409,2608.64484531017,1656.80591241348,35.3300164874534,21.9409944404121
"C1-E2",20.0701388888889,0.6173,141.991833868941,87.7981871294767,2750.63667917911,1744.60409954296,26.8648325806432,16.611403162061
"C1-E2",31.0743055555556,0.615,127.428568856742,78.500458084217,2878.06524803585,1823.10455762718,11.5800289760008,7.13370312011059
"C2-E2",0,0,0,0,0,0,NA,NA
"C2-E2",1.00486111111111,0.6239,628.040803651087,392.478815831858,628.040803651087,392.478815831858,625.002596584357,390.580162265291
"C2-E2",1.82152777777778,0.6207,562.506111096191,349.726417666149,1190.54691474728,742.205233498007,688.782993179009,428.236429795285
"C2-E2",2.97916666666667,0.6475,523.367336375906,339.402442531307,1713.91425112318,1081.60767602931,452.098958837015,293.185073332383
"C2-E2",4.62291666666667,0.6407,382.285706570227,245.315092361159,2096.19995769341,1326.92276839047,232.569251145385,149.241120828082
"C2-E2",6.75208333333333,0.6364,250.306117397172,159.547969154424,2346.50607509058,1486.4707375449,117.560603082821,74.9344669218429
"C2-E2",11.1263888888889,0.6318,282.163259611358,178.557650621411,2628.66933470194,1665.02838816631,64.50469818072,40.8196565954646
"C2-E2",14.7868055555556,0.6222,136.530609489367,85.0896303850398,2765.19994419131,1750.11801855135,37.2991989498554,23.2458865024582
"C2-E2",20.0701388888889,0.6164,147.453058248516,91.0424688947743,2912.65300243982,1841.16048744612,27.9090961984573,17.2320130400204
"C2-E2",31.0743055555556,0.6361,200.244893917738,127.578373671407,3112.89789635756,1968.73886111753,18.1971883908584,11.5936424389011
"C3-E2",0,0,0,0,0,0,NA,NA
"C3-E2",1.00486111111111,0.6482,596.183661436901,387.040439321509,596.183661436901,387.040439321509,593.299566322832,385.168094418088
"C3-E2",1.82152777777778,0.6324,504.253051047394,319.402002535119,1100.4367124843,706.442441856628,617.452715568238,391.104492900146
"C3-E2",2.97916666666667,0.635044719881011,429.616317859874,273.260775438622,1530.05303034417,979.70321729525,371.114275775776,236.050099958977
"C3-E2",4.62291666666667,0.6388,319.481626205118,204.407056315669,1849.53465654929,1184.11027361092,194.361445600072,124.354102701547
"C3-E2",6.75208333333333,0.6422,218.448975182987,140.507319640121,2067.98363173227,1324.61759325104,102.598344508643,65.991696112777
"C3-E2",11.1263888888889,0.6314,267.599994599159,169.234855498991,2335.58362633143,1493.85244875003,61.1754234359087,38.6883937003568
"C3-E2",14.7868055555556,0.62,136.530609489367,84.7895823885644,2472.1142358208,1578.6420311386,37.2991989498554,23.1639155074052
"C3-E2",20.0701388888889,0.6151,140.171425742416,86.3645068730879,2612.28566156322,1665.00653801168,26.530869225694,16.3465943608368
"C3-E2",31.0743055555556,0.637,202.065302044263,128.919817957159,2814.35096360748,1793.92635596884,18.3626173762299,11.7155457439296
"E1-E2",0,0,0,0,0,0,NA,NA
"E1-E2",1.00486111111111,0.6168,192.053057348376,118.65674834991,192.053057348376,118.65674834991,191.123982433767,118.082735054507
"E1-E2",1.82152777777778,0.6894,211.167342676887,145.776354548765,403.220400025263,264.433102898676,258.572256339045,178.501658631141
"E1-E2",2.97916666666667,0.7454,740.90610749563,552.885693261621,1144.12650752089,817.318796160297,640.014873901444,477.597719434154
"E1-E2",4.62291666666667,0.7404,304.008157129656,225.342922455914,1448.13466465055,1042.66171861621,184.947928291806,137.090751303978
"E1-E2",6.75208333333333,0.7363,77.3673453773078,57.0312054069352,1525.50201002786,1099.69292402315,36.3369136801446,26.7856933418091
"E1-E2",11.1263888888889,0.7158,87.3795900731947,62.6239778134764,1612.88160010105,1162.31690183662,19.9756484688681,14.3163245041127
"E1-E2",14.7868055555556,0.7061,49.151019416172,34.7501033931806,1662.03261951722,1197.0670052298,13.427711621948,9.49348299870614
"E1-E2",20.0701388888889,0.6968,43.6897950365973,30.483382643218,1705.72241455382,1227.55038787302,8.26936183657994,5.76972542142927
"E1-E2",31.0743055555556,0.6899,80.0979575670951,55.3344617468936,1785.82037212092,1282.88484961991,7.27887535634337,5.02850087817283
"E2-E2",0,0,0,0,0,0,NA,NA
"E2-E2",1.00486111111111,0.5845,170.208159830077,99.6673856840626,170.208159830077,99.6673856840626,169.384761683007,99.1852352350035
"E2-E2",1.82152777777778,0.6809,202.975506107525,138.398744465361,373.183665937602,238.066130149423,248.541436050031,169.467850365748
"E2-E2",2.97916666666667,0.7405,755.469372507829,560.059297035224,1128.65303844543,798.125427184647,652.595018842996,483.794473743685
"E2-E2",4.62291666666667,0.7409,354.069380609091,262.626951713604,1482.72241905452,1060.75237889825,215.403425465607,159.773050472154
"E2-E2",6.75208333333333,0.7346,70.0857128712082,51.5446623974877,1552.80813192573,1112.29704129574,32.9169688631898,24.2088433960803
"E2-E2",11.1263888888889,0.7155,105.583671338444,75.6390245707406,1658.39180326417,1187.93606586648,24.1372418998823,17.2916646105519
"E2-E2",14.7868055555556,0.71,52.7918356692218,37.5296981414884,1711.1836389334,1225.46576400797,14.4223569272774,10.2528486669974
"E2-E2",20.0701388888889,0.6997,60.0734681753213,42.0885616564932,1771.25710710872,1267.55432566446,11.3703725252974,7.96628927252238
"E2-E2",31.0743055555556,0.6948,107.404079464968,74.7238759467105,1878.66118657369,1342.27820161117,9.76031013691497,6.79050746959884
"E3-E2",0,0,0,0,0,0,NA,NA
"E3-E2",1.00486111111111,0.6225,186.591832968801,116.345078950872,186.591832968801,116.345078950872,185.689177246077,115.78224857585
"E3-E2",1.82152777777778,0.6984,218.448975182987,152.765826590327,405.040808151788,269.110905541199,267.488541040392,187.060195824891
"E3-E2",2.97916666666667,0.7506,809.171412240313,608.025808456637,1214.2122203921,877.136713997836,698.984303314968,525.229252656003
"E3-E2",4.62291666666667,0.7421,329.493870901005,244.792902676874,1543.70609129311,1121.92961667471,200.452545034832,148.923438890874
"E3-E2",6.75208333333333,0.733096796583022,80.0979575670951,58.7880285487467,1623.8040488602,1180.71764522346,37.6193929865026,27.6108157567499
"E3-E2",11.1263888888889,0.7146,109.224487591493,78.149149874292,1733.02853645169,1258.86679509775,24.9695605860852,17.8654986218416
"E3-E2",14.7868055555556,0.7077,59.1632641120589,41.9233178507957,1792.19180056375,1300.79011294854,16.162986211604,11.4531545636778
"E3-E2",20.0701388888889,0.6965,61.8938763018462,43.1662559009928,1854.0856768656,1343.95636884954,11.7149292684882,8.17026925570841
"E3-E2",31.0743055555556,0.6931,116.506120097593,80.8586839208324,1970.59179696319,1424.81505277037,10.5874550637722,7.34800611170003
"I1-E2",0,0,0,0,0,0,NA,NA
"I1-E2",1.00486111111111,0.2744,127.428568856742,35.0774697814307,127.428568856742,35.0774697814307,126.812121046101,34.9077791881549
"I1-E2",1.82152777777778,0.4759,46.4204072263847,22.1421132769245,173.848976083127,57.2195830583552,56.8413149710833,27.1127917676627
"I1-E2",2.97916666666667,0.5031,62.8040803651087,31.6653965109293,236.653056448236,88.8849795692845,54.2518750604418,27.3534318990631
"I1-E2",4.62291666666667,0.5566,67.3551006814209,37.5625305045589,304.008157129657,126.447510073843,40.9764871065678,22.8517295845225
"I1-E2",6.75208333333333,0.5734,67.3551006814209,38.6934477175605,371.363257811077,165.140957791404,31.6344895568317,18.1730478516918
"I1-E2",11.1263888888889,0.6088,98.302038832344,59.9486226045861,469.665296643421,225.08958039599,22.4726045274766,13.7047176616295
"I1-E2",14.7868055555556,0.6145,61.8938763018462,38.0978781744141,531.559172945268,263.187458570404,16.9089701906011,10.408071442071
"I1-E2",20.0701388888889,0.6235,32.767346277448,20.4640629027324,564.326519222716,283.651521473137,6.20202137743496,3.87332420871907
"I1-E2",31.0743055555556,0.6334,72.8163250609956,46.1957642622563,637.142844283711,329.847285735393,6.61715941485761,4.19802477203389
"I2-E2",0,0,0,0,0,0,NA,NA
"I2-E2",1.00486111111111,0.2303,116.506120097593,26.9217865383153,116.506120097593,26.9217865383153,115.942510670721,26.7915498377152
"I2-E2",1.82152777777778,0.4335,47.3306112896471,20.5686686220325,163.83673138724,47.4904551603478,57.9558505587516,25.1861248433051
"I2-E2",2.97916666666667,0.4848,61.8938763018462,30.073765258224,225.730607689086,77.5642204185717,53.4656160015948,25.9785374756104
"I2-E2",4.62291666666667,0.543,75.5469372507829,41.1039603390141,301.277544939869,118.668180757586,45.9601139168261,25.0062116130884
"I2-E2",6.75208333333333,0.5657,66.4448966181585,37.6592511320517,367.722441558028,156.327431889638,31.2069964547124,17.6873195140752
"I2-E2",11.1263888888889,0.6104,113.775507907806,69.5668454205027,481.497949465833,225.89427731014,26.0099589438387,15.9035176068461
"I2-E2",14.7868055555556,0.6095,68.2653047446833,41.6787278156159,549.763254210516,267.573005125756,18.6495994749277,11.386334292257
"I2-E2",20.0701388888889,0.629,78.2775494405702,49.316421922767,628.040803651087,316.889427048523,14.8159399572057,9.33433853427767
"I2-E2",31.0743055555556,0.6402,127.428568856742,81.7080616742249,755.469372507829,398.597488722748,11.5800289760008,7.42519303362892
"I3-E2",0,0,0,0,0,0,NA,NA
"I3-E2",1.00486111111111,0.2609,113.775507907806,29.7800810863311,113.775507907806,29.7800810863311,113.225108076876,29.636017114248
"I3-E2",1.82152777777778,0.4508,39.1387747202851,17.686147056156,152.914282628091,47.4662281424871,47.9250302697369,21.6565065993747
"I3-E2",2.97916666666667,0.4926,60.9836722385838,30.1072213919681,213.897954866674,77.5734495344552,52.6793569427479,26.0074377951014
"I3-E2",4.62291666666667,0.5464,71.9061209977331,39.3674306704292,285.804075864408,116.940880204884,43.7451686678224,23.9497677082459
"I3-E2",6.75208333333333,0.5831,61.8938763018462,36.1560981699117,347.697952166254,153.096978374796,29.0695309441156,16.9813376923264
"I3-E2",11.1263888888889,0.6095,83.7387738201449,51.1259061204888,431.436725986399,204.222884495285,19.1433297826653,11.6877766016041
"I3-E2",14.7868055555556,0.6165,63.7142844283711,39.3457033245324,495.15101041477,243.568587819817,17.4062928432659,10.7489684665769
